7 16 408
0 10 15 17 28 43 50 61 67 77 84 96 110 115 120 127 
0 10 15 19 28 33 50 55 72 77 94 99 108 112 117 127 
0 10 15 19 28 33 50 55 77 84 94 96 99 117 120 127 
0 10 15 19 33 44 50 55 72 78 85 99 112 118 121 127 
0 11 12 18 31 33 46 53 56 77 83 84 96 111 118 121 
0 11 12 18 31 33 46 53 56 77 83 84 96 118 121 127 
0 11 12 18 31 33 46 53 56 77 83 84 98 111 118 121 
0 11 12 18 31 33 46 53 56 77 83 84 98 118 121 127 
0 11 12 18 31 33 46 53 56 77 84 96 99 111 118 121 
0 11 12 18 31 33 46 53 56 77 84 96 99 118 121 127 
0 11 12 18 31 46 53 56 65 77 83 84 98 111 118 121 
0 11 12 18 31 46 53 56 65 77 83 84 98 118 121 127 
0 12 21 30 34 39 52 59 67 72 86 89 101 111 112 122 
0 12 21 30 34 39 52 59 67 72 86 89 101 111 112 124 
0 12 21 30 34 39 52 59 67 72 86 89 101 112 122 127 
0 12 21 30 34 39 52 59 67 72 86 89 101 112 124 127 
0 13 17 28 31 43 50 67 74 80 93 103 105 118 120 127 
0 13 17 28 31 43 50 67 74 93 96 103 105 118 120 127 
0 13 17 30 43 44 50 63 67 74 80 93 103 105 118 120 
0 13 17 30 43 44 50 63 67 74 93 96 103 105 118 120 
0 13 17 30 43 44 50 67 74 80 93 103 105 118 120 127 
0 13 17 30 43 44 50 67 74 93 96 103 105 118 120 127 
0 13 17 31 43 44 50 67 74 80 93 103 105 118 120 127 
0 13 17 31 43 44 50 67 74 93 96 103 105 118 120 127 
0 13 19 20 31 34 54 57 65 78 85 88 99 100 111 122 
0 13 19 20 31 34 54 57 65 78 85 88 99 100 111 124 
0 13 19 20 31 34 54 57 65 78 85 88 99 100 119 122 
0 13 19 20 31 34 54 57 65 78 85 88 99 100 119 124 
0 13 19 20 31 34 54 57 65 78 85 88 99 100 122 127 
0 13 19 20 31 34 54 57 65 78 85 88 99 100 123 124 
0 13 19 20 31 34 54 57 65 78 85 88 99 100 124 127 
0 13 19 20 34 47 54 57 65 78 85 88 99 100 119 122 
0 13 19 20 34 47 54 57 65 78 85 88 99 100 119 124 
0 13 19 20 34 47 54 57 65 78 85 88 99 100 122 127 
0 13 19 20 34 47 54 57 65 78 85 88 99 100 123 124 
0 13 19 20 34 47 54 57 65 78 85 88 99 100 124 127 
0 14 17 31 43 44 50 67 74 80 93 103 105 118 120 127 
0 14 17 31 43 44 50 67 74 93 96 103 105 118 120 127 
0 14 21 24 35 36 55 58 65 79 86 89 101 104 123 124 
0 14 21 24 35 36 55 58 65 79 86 89 101 104 124 127 
0 14 21 24 35 36 55 58 65 79 86 89 101 112 123 124 
0 14 21 24 35 36 55 58 65 79 86 89 101 112 124 127 
0 14 21 24 35 36 55 58 66 79 86 89 101 104 123 124 
0 14 21 24 35 36 55 58 66 79 86 89 101 104 124 127 
0 14 21 24 35 36 55 58 66 79 86 89 101 112 123 124 
0 14 21 24 35 36 55 58 66 79 86 89 101 112 124 127 
0 15 22 25 37 40 59 60 67 68 87 90 102 105 112 125 
0 15 22 25 37 40 59 60 67 68 87 90 102 105 112 126 
0 15 22 25 37 40 59 60 67 68 87 90 102 105 112 127 
0 15 22 25 37 40 59 67 68 87 90 102 105 112 124 127 
0 15 22 25 37 40 61 67 68 87 90 102 105 112 124 127 
0 3 12 15 18 43 49 58 63 69 78 84 109 112 115 124 
0 3 12 15 18 43 49 58 63 69 78 84 96 109 115 120 
0 3 12 15 18 43 49 58 63 69 78 84 96 109 115 124 
0 3 12 15 18 43 49 58 69 78 84 109 112 115 124 127 
0 3 12 15 18 43 49 58 69 78 84 95 109 112 115 124 
0 3 12 15 18 43 49 58 69 78 84 95 96 109 115 120 
0 3 12 15 18 43 49 58 69 78 84 95 96 109 115 124 
0 3 12 15 18 43 49 58 69 78 84 96 109 115 120 126 
0 3 12 15 18 43 49 58 69 78 84 96 109 115 120 127 
0 3 12 15 18 43 49 58 69 78 84 96 109 115 124 127 
0 3 12 15 18 43 49 62 69 78 84 96 109 115 120 127 
0 3 12 15 21 34 46 52 59 72 83 97 109 114 124 127 
0 3 12 15 21 34 46 56 59 72 89 97 103 106 124 127 
0 3 12 15 21 34 52 59 72 78 83 97 109 114 124 127 
0 3 12 18 31 39 49 54 69 84 93 96 107 114 124 127 
0 3 12 18 31 43 49 58 69 78 84 109 112 115 124 127 
0 3 12 18 31 43 49 58 69 78 84 96 109 115 120 126 
0 3 12 18 31 43 49 58 69 78 84 96 109 115 120 127 
0 3 12 18 31 43 49 58 69 78 84 96 109 115 124 127 
0 3 12 21 30 34 39 52 59 72 86 89 101 111 112 122 
0 3 12 21 30 34 39 52 59 72 86 89 101 111 112 124 
0 3 12 21 30 34 39 52 59 72 86 89 101 112 122 127 
0 3 12 21 30 34 39 52 59 72 86 89 101 112 124 127 
0 3 12 21 30 34 39 52 59 72 86 89 99 111 112 122 
0 3 12 21 30 34 39 52 59 72 86 89 99 111 112 124 
0 3 12 21 30 34 39 52 59 72 86 89 99 112 122 127 
0 3 12 21 30 34 39 52 59 72 86 89 99 112 124 127 
0 3 12 21 30 34 52 55 71 72 86 89 101 112 122 127 
0 3 12 21 30 34 52 55 71 72 86 89 101 112 123 124 
0 3 12 21 30 34 52 55 71 72 86 89 101 112 124 127 
0 3 12 21 30 34 52 59 71 72 86 89 101 111 112 122 
0 3 12 21 30 34 52 59 71 72 86 89 101 111 112 124 
0 3 12 21 30 34 52 59 71 72 86 89 101 112 122 127 
0 3 12 21 30 34 52 59 71 72 86 89 101 112 124 127 
0 3 12 21 30 34 55 56 71 72 93 97 106 115 124 127 
0 3 12 21 31 34 46 51 52 71 72 97 109 114 124 127 
0 3 12 21 34 46 52 59 72 79 83 97 109 114 124 127 
0 3 13 18 30 44 48 55 68 75 81 93 106 115 120 126 
0 3 13 18 30 44 48 55 68 75 81 93 106 115 120 127 
0 3 13 18 30 44 48 55 68 75 81 93 106 115 124 127 
0 3 13 18 30 44 49 55 68 75 93 106 112 115 124 127 
0 3 13 18 30 44 55 68 75 81 93 106 112 115 124 127 
0 3 13 18 30 55 56 75 76 81 93 96 106 115 124 127 
0 3 13 18 31 46 51 52 75 76 81 96 109 114 124 127 
0 3 13 20 31 34 43 57 73 78 88 96 99 106 111 124 
0 3 13 20 31 34 43 57 73 78 88 96 99 106 119 124 
0 3 13 20 31 34 43 57 73 78 88 96 99 106 123 124 
0 3 13 20 31 34 43 57 73 78 88 96 99 106 124 127 
0 3 13 20 31 34 43 57 73 78 88 96 99 109 124 127 
0 3 13 20 31 34 43 58 73 78 88 96 109 115 124 127 
0 3 13 20 31 34 43 58 73 78 88 96 99 109 124 127 
0 3 13 20 31 34 46 57 73 88 91 96 103 106 124 127 
0 3 13 20 31 34 46 57 73 88 91 96 99 106 124 127 
0 3 13 20 31 34 57 73 78 88 91 96 99 106 124 127 
0 3 14 18 31 43 44 48 68 77 81 94 106 115 120 127 
0 3 14 18 31 45 51 52 75 76 81 94 96 117 120 127 
0 3 14 18 31 45 51 52 75 76 81 96 110 117 120 127 
0 3 14 18 31 45 51 56 75 76 81 94 96 106 119 121 
0 3 14 18 31 45 51 56 75 76 81 94 96 106 121 127 
0 3 14 21 24 36 55 58 66 79 86 89 101 104 123 124 
0 3 14 21 24 36 55 58 66 79 86 89 101 104 124 127 
0 3 14 21 24 36 55 58 66 79 86 89 101 112 123 124 
0 3 14 21 24 36 55 58 66 79 86 89 101 112 124 127 
0 3 14 21 24 36 55 58 66 79 86 89 99 104 123 124 
0 3 14 21 24 36 55 58 66 79 86 89 99 104 124 127 
0 3 14 21 24 36 55 58 66 79 86 89 99 112 123 124 
0 3 14 21 24 36 55 58 66 79 86 89 99 112 124 127 
0 3 14 25 31 36 43 60 69 88 93 96 103 105 118 127 
0 3 14 25 36 43 56 61 69 79 90 96 102 105 119 124 
0 3 14 25 36 43 56 61 69 79 90 96 102 105 124 127 
0 3 15 21 24 36 46 57 63 70 81 91 103 106 112 124 
0 3 15 21 24 36 46 57 63 70 81 91 96 103 106 120 
0 3 15 21 24 36 46 57 63 70 81 91 96 103 106 124 
0 3 15 21 24 36 46 57 70 81 91 103 106 112 124 127 
0 3 15 21 24 36 46 57 70 81 91 96 103 106 120 125 
0 3 15 21 24 36 46 57 70 81 91 96 103 106 120 126 
0 3 15 21 24 36 46 57 70 81 91 96 103 106 120 127 
0 3 15 21 24 36 46 57 70 81 91 96 103 106 124 127 
0 3 15 21 24 36 57 62 70 81 91 96 103 106 120 127 
0 3 15 21 28 38 40 59 66 87 89 99 106 112 124 127 
0 3 15 21 28 38 40 59 68 87 89 99 106 112 124 127 
0 3 15 21 28 38 40 59 68 89 94 97 103 106 120 127 
0 3 15 21 28 38 40 61 66 87 89 99 100 118 120 127 
0 3 15 21 28 38 40 61 66 87 89 99 106 112 124 127 
0 3 15 21 28 38 40 61 68 87 89 99 106 112 124 127 
0 3 15 22 25 36 56 59 69 87 90 96 102 105 124 127 
0 3 15 22 25 36 56 61 69 87 90 96 102 105 124 127 
0 3 15 22 25 37 40 59 60 66 87 90 102 105 112 125 
0 3 15 22 25 37 40 59 60 66 87 90 102 105 112 126 
0 3 15 22 25 37 40 59 60 66 87 90 102 105 112 127 
0 3 15 22 25 37 40 59 60 68 87 90 102 105 112 125 
0 3 15 22 25 37 40 59 60 68 87 90 102 105 112 126 
0 3 15 22 25 37 40 59 60 68 87 90 102 105 112 127 
0 3 15 22 25 37 40 59 66 87 90 102 105 112 124 127 
0 3 15 22 25 37 40 59 68 87 90 102 105 112 124 127 
0 3 15 22 25 37 40 61 66 87 90 102 105 112 124 127 
0 3 15 22 25 37 40 61 68 87 90 102 105 112 124 127 
0 3 15 26 38 41 48 61 69 72 91 103 106 113 124 127 
0 3 15 26 38 41 48 61 69 72 91 92 103 106 113 126 
0 3 15 26 38 41 48 61 69 72 91 92 103 106 113 127 
0 3 15 26 38 41 48 62 69 72 91 92 103 106 113 127 
0 3 15 26 38 41 55 56 68 75 93 97 106 115 124 127 
0 3 15 26 38 41 55 56 72 75 93 97 106 115 124 127 
0 3 15 26 38 41 55 60 68 75 88 93 97 106 115 126 
0 3 15 26 38 41 55 60 68 75 88 93 97 106 115 127 
0 3 15 26 38 41 55 68 75 88 93 97 106 115 124 127 
0 3 15 28 38 41 48 61 69 72 91 103 106 113 124 127 
0 3 15 28 38 41 55 68 75 88 93 97 106 115 124 127 
0 3 18 28 31 39 49 54 69 84 93 96 107 114 124 127 
0 3 18 28 31 39 49 54 70 84 93 96 107 114 124 127 
0 3 21 24 30 38 55 68 71 81 93 106 112 115 124 127 
0 3 21 24 31 36 39 54 70 81 93 96 107 114 124 127 
0 3 21 24 31 36 46 57 70 81 91 103 106 112 124 127 
0 3 21 24 31 36 46 57 70 81 91 96 103 106 120 125 
0 3 21 24 31 36 46 57 70 81 91 96 103 106 120 126 
0 3 21 24 31 36 46 57 70 81 91 96 103 106 120 127 
0 3 21 24 31 36 46 57 70 81 91 96 103 106 124 127 
0 3 21 24 31 38 58 66 71 84 91 101 110 112 121 127 
0 3 21 28 31 36 39 49 54 70 93 96 107 114 124 127 
0 3 21 28 31 36 39 54 70 81 93 96 107 114 124 127 
0 3 21 28 31 39 49 54 70 84 93 96 107 114 124 127 
0 3 22 25 31 36 39 58 69 88 91 96 102 105 124 127 
0 3 22 25 31 37 40 58 66 71 91 102 105 112 124 127 
0 3 22 25 31 37 40 58 68 71 91 102 105 112 124 127 
0 3 22 25 31 37 48 58 66 71 84 91 102 113 124 127 
0 3 23 26 38 41 48 61 69 72 91 103 106 113 124 127 
0 3 23 26 38 41 48 61 69 72 91 92 103 106 113 126 
0 3 23 26 38 41 48 61 69 72 91 92 103 106 113 127 
0 3 23 26 38 41 48 62 69 72 91 92 103 106 113 127 
0 3 23 28 38 41 48 61 69 72 91 103 106 113 124 127 
0 3 27 28 39 42 49 62 70 73 80 93 107 108 114 127 
0 3 27 28 39 42 49 62 70 73 93 96 107 108 114 127 
0 5 15 26 38 41 55 56 68 75 93 97 106 115 124 127 
0 5 15 26 38 41 55 56 72 75 93 97 106 115 124 127 
0 5 15 26 38 41 55 60 68 75 88 93 97 106 115 126 
0 5 15 26 38 41 55 60 68 75 88 93 97 106 115 127 
0 5 15 26 38 41 55 68 75 88 93 97 106 115 124 127 
0 5 15 28 38 41 55 68 75 88 93 97 106 115 124 127 
0 5 27 28 39 42 49 62 70 73 80 93 107 108 114 127 
0 5 27 28 39 42 49 62 70 73 93 96 107 108 114 127 
0 6 15 17 26 36 43 56 61 69 89 96 103 106 124 127 
0 6 15 17 26 36 43 60 63 69 88 93 96 103 105 118 
0 6 15 17 26 36 43 60 69 88 93 96 103 105 118 127 
0 6 17 26 31 36 43 60 69 88 93 96 103 105 118 127 
0 6 21 31 33 46 51 52 71 76 82 96 109 113 124 127 
0 6 9 15 28 42 49 55 72 77 83 94 108 112 117 127 
0 6 9 28 31 43 50 71 74 81 94 96 109 115 116 127 
0 6 9 28 31 43 50 71 74 81 94 96 109 115 120 127 
0 6 9 29 43 44 50 62 71 74 81 96 109 115 116 127 
0 6 9 29 43 44 50 62 71 74 81 96 109 115 120 127 
0 6 9 29 43 44 50 63 71 74 81 94 96 109 115 116 
0 6 9 29 43 44 50 63 71 74 81 94 96 109 115 120 
0 6 9 29 43 44 50 71 74 81 94 96 109 115 116 127 
0 6 9 29 43 44 50 71 74 81 94 96 109 115 120 127 
0 6 9 31 43 44 50 71 74 81 94 96 109 115 116 127 
0 6 9 31 43 44 50 71 74 81 94 96 109 115 120 127 
0 7 10 17 28 31 43 50 77 84 94 96 99 117 120 127 
0 7 10 17 28 31 43 50 77 84 96 99 110 117 120 127 
0 7 10 17 30 45 51 52 63 75 76 82 96 110 117 120 
0 7 10 17 30 45 51 52 63 75 76 82 97 110 117 120 
0 7 10 17 30 45 51 52 75 76 82 95 96 110 117 120 
0 7 10 17 30 45 51 52 75 76 82 95 97 110 117 120 
0 7 10 17 30 45 51 52 75 76 82 96 110 117 120 127 
0 7 10 17 30 45 51 52 75 76 82 97 110 117 120 127 
0 7 10 17 31 45 51 52 75 76 82 94 96 117 120 127 
0 7 10 17 31 45 51 52 75 76 82 94 97 117 120 127 
0 7 10 17 31 45 51 52 75 76 82 96 110 117 120 127 
0 7 10 17 31 45 51 52 75 76 82 97 110 117 120 127 
0 7 10 17 31 46 51 52 75 76 82 96 109 113 124 127 
0 7 10 28 31 33 43 50 72 77 94 99 108 112 117 127 
0 7 10 28 31 33 43 50 77 84 94 96 99 117 120 127 
0 7 10 28 31 33 43 50 77 84 96 99 110 117 120 127 
0 7 10 30 33 45 51 52 63 75 76 82 96 110 117 120 
0 7 10 30 33 45 51 52 75 76 82 95 96 110 117 120 
0 7 10 30 33 45 51 52 75 76 82 96 110 117 120 127 
0 7 10 31 33 45 51 52 75 76 82 94 96 117 120 127 
0 7 10 31 33 45 51 52 75 76 82 96 110 117 120 127 
0 7 10 31 33 46 51 52 75 76 82 96 109 113 124 127 
0 7 12 17 31 43 50 60 66 77 84 99 110 112 117 127 
0 7 12 17 31 43 50 60 69 84 93 96 103 113 118 127 
0 7 12 18 31 33 46 53 56 77 83 84 96 111 118 121 
0 7 12 18 31 33 46 53 56 77 83 84 96 118 121 127 
0 7 12 18 31 33 46 53 56 77 83 84 98 111 118 121 
0 7 12 18 31 33 46 53 56 77 83 84 98 118 121 127 
0 7 12 18 31 33 46 53 56 77 84 96 99 111 118 121 
0 7 12 18 31 33 46 53 56 77 84 96 99 118 121 127 
0 7 12 18 31 43 49 58 65 78 84 109 112 115 124 127 
0 7 12 18 31 43 49 58 69 78 84 109 112 115 124 127 
0 7 12 18 31 43 49 58 69 78 84 96 109 115 120 126 
0 7 12 18 31 43 49 58 69 78 84 96 109 115 120 127 
0 7 12 18 31 43 49 58 69 78 84 96 109 115 124 127 
0 7 12 18 31 46 53 56 65 77 83 84 98 111 118 121 
0 7 12 18 31 46 53 56 65 77 83 84 98 118 121 127 
0 7 12 21 33 46 50 59 79 83 84 96 109 113 124 127 
0 7 12 21 34 46 52 59 72 79 83 97 109 114 124 127 
0 7 17 26 31 36 43 60 69 88 93 96 103 105 118 127 
0 7 17 26 31 36 43 60 70 88 93 96 103 105 118 127 
0 7 21 24 30 33 38 59 68 87 89 99 106 112 124 127 
0 7 21 24 31 36 46 57 65 70 91 103 106 112 124 127 
0 7 21 24 31 36 46 57 70 81 91 103 106 112 124 127 
0 7 21 24 31 36 46 57 70 81 91 96 103 106 120 125 
0 7 21 24 31 36 46 57 70 81 91 96 103 106 120 126 
0 7 21 24 31 36 46 57 70 81 91 96 103 106 120 127 
0 7 21 24 31 36 46 57 70 81 91 96 103 106 124 127 
0 7 9 22 24 31 34 53 60 77 83 84 96 110 113 123 
0 7 9 22 24 31 34 53 60 77 83 84 96 110 113 127 
0 7 9 22 24 31 34 53 60 77 83 84 96 110 114 123 
0 7 9 22 24 31 34 53 60 77 83 84 96 110 114 127 
0 7 9 22 24 31 34 53 60 77 83 84 96 111 113 118 
0 7 9 22 24 31 34 53 60 77 83 84 96 113 118 127 
0 7 9 22 24 31 34 53 60 77 83 84 97 110 114 123 
0 7 9 22 24 31 34 53 60 77 83 84 97 110 114 127 
0 7 9 22 24 31 34 53 60 77 84 96 99 110 114 123 
0 7 9 22 24 31 34 53 60 77 84 96 99 110 114 127 
0 7 9 22 24 34 47 53 60 77 83 84 96 110 113 123 
0 7 9 22 24 34 47 53 60 77 83 84 96 110 113 127 
0 7 9 22 24 34 47 53 60 77 83 84 96 110 114 123 
0 7 9 22 24 34 47 53 60 77 83 84 96 110 114 127 
0 7 9 22 24 34 47 53 60 77 83 84 96 113 118 127 
0 7 9 22 24 34 47 53 60 77 83 84 97 110 114 123 
0 7 9 22 24 34 47 53 60 77 83 84 97 110 114 127 
0 7 9 22 24 34 47 53 60 77 84 96 99 110 114 123 
0 7 9 22 24 34 47 53 60 77 84 96 99 110 114 127 
0 7 9 26 38 40 55 57 66 79 85 99 100 118 120 127 
0 7 9 27 28 38 40 61 66 87 89 99 100 118 120 127 
0 7 9 27 28 38 40 61 66 87 89 99 106 112 124 127 
0 7 9 27 28 42 48 61 70 72 87 89 101 118 120 127 
0 9 14 24 31 34 43 58 67 77 84 96 110 115 120 127 
0 9 14 24 31 34 43 60 67 84 93 96 103 113 118 127 
0 9 14 31 43 44 50 67 74 80 93 103 105 118 120 127 
0 9 14 31 43 44 50 67 74 93 96 103 105 118 120 127 
0 9 22 24 31 34 39 57 67 84 91 96 101 110 120 127 
0 9 22 24 31 34 39 58 67 84 91 101 110 112 121 127 
0 9 22 24 31 34 39 58 67 84 91 96 101 110 120 127 
0 9 22 24 31 34 39 58 67 84 91 96 101 110 121 127 
0 9 22 24 31 34 39 58 67 84 91 96 102 113 124 127 
1 12 21 30 34 39 52 59 67 72 86 89 101 111 112 122 
1 12 21 30 34 39 52 59 67 72 86 89 101 111 112 124 
1 12 21 30 34 39 52 59 67 72 86 89 101 112 122 127 
1 12 21 30 34 39 52 59 67 72 86 89 101 112 124 127 
1 14 21 24 35 36 55 58 66 79 86 89 101 104 123 124 
1 14 21 24 35 36 55 58 66 79 86 89 101 104 124 127 
1 14 21 24 35 36 55 58 66 79 86 89 101 112 123 124 
1 14 21 24 35 36 55 58 66 79 86 89 101 112 124 127 
1 15 22 25 37 40 59 60 67 68 87 90 102 105 112 125 
1 15 22 25 37 40 59 60 67 68 87 90 102 105 112 126 
1 15 22 25 37 40 59 60 67 68 87 90 102 105 112 127 
1 15 22 25 37 40 59 67 68 87 90 102 105 112 124 127 
1 15 22 25 37 40 61 67 68 87 90 102 105 112 124 127 
1 7 12 18 31 43 49 58 69 78 84 109 112 115 124 127 
1 7 12 18 31 43 49 58 69 78 84 96 109 115 120 126 
1 7 12 18 31 43 49 58 69 78 84 96 109 115 120 127 
1 7 12 18 31 43 49 58 69 78 84 96 109 115 124 127 
1 7 12 21 34 46 52 59 72 79 83 97 109 114 124 127 
1 7 21 24 31 36 46 57 70 81 91 103 106 112 124 127 
1 7 21 24 31 36 46 57 70 81 91 96 103 106 120 125 
1 7 21 24 31 36 46 57 70 81 91 96 103 106 120 126 
1 7 21 24 31 36 46 57 70 81 91 96 103 106 120 127 
1 7 21 24 31 36 46 57 70 81 91 96 103 106 124 127 
11 12 18 31 33 46 53 56 64 77 83 84 98 111 118 121 
11 12 18 31 33 46 53 56 64 77 83 84 98 118 121 127 
2 15 22 25 37 40 59 60 67 68 87 90 102 105 112 125 
2 15 22 25 37 40 59 60 67 68 87 90 102 105 112 126 
2 15 22 25 37 40 59 60 67 68 87 90 102 105 112 127 
2 15 22 25 37 40 59 67 68 87 90 102 105 112 124 127 
2 15 22 25 37 40 61 67 68 87 90 102 105 112 124 127 
2 7 21 24 31 36 46 57 70 81 91 103 106 112 124 127 
2 7 21 24 31 36 46 57 70 81 91 96 103 106 120 125 
2 7 21 24 31 36 46 57 70 81 91 96 103 106 120 126 
2 7 21 24 31 36 46 57 70 81 91 96 103 106 120 127 
2 7 21 24 31 36 46 57 70 81 91 96 103 106 124 127 
3 12 15 18 32 43 49 58 63 69 78 84 109 112 115 124 
3 12 15 18 32 43 49 58 69 78 84 109 112 115 124 127 
3 12 15 18 32 43 49 58 69 78 84 95 109 112 115 124 
3 12 15 18 43 49 58 63 64 69 78 84 109 112 115 124 
3 12 15 18 43 49 58 64 69 78 84 109 112 115 124 127 
3 12 15 18 43 49 58 64 69 78 84 95 109 112 115 124 
3 12 18 31 32 43 49 58 69 78 84 109 112 115 124 127 
3 12 18 31 43 49 58 64 69 78 84 109 112 115 124 127 
3 15 16 26 38 41 55 56 68 75 93 97 106 115 124 127 
3 15 16 26 38 41 55 60 68 75 88 93 97 106 115 126 
3 15 16 26 38 41 55 60 68 75 88 93 97 106 115 127 
3 15 16 26 38 41 55 68 75 88 93 97 106 115 124 127 
3 15 16 28 38 41 55 68 75 88 93 97 106 115 124 127 
3 15 21 24 36 46 57 63 64 70 81 91 103 106 112 124 
3 15 21 24 36 46 57 64 70 81 91 103 106 112 124 127 
3 16 21 28 31 39 49 54 70 84 93 96 107 114 124 127 
3 16 27 28 39 42 49 62 70 73 93 96 107 108 114 127 
3 21 24 31 36 46 57 64 70 81 91 103 106 112 124 127 
3 4 15 26 38 41 48 61 69 72 91 103 106 113 124 127 
3 4 15 26 38 41 48 61 69 72 91 92 103 106 113 126 
3 4 15 26 38 41 48 61 69 72 91 92 103 106 113 127 
3 4 15 26 38 41 48 62 69 72 91 92 103 106 113 127 
3 4 15 26 38 41 55 56 72 75 93 97 106 115 124 127 
3 4 15 28 38 41 48 61 69 72 91 103 106 113 124 127 
3 4 21 28 31 39 49 54 70 84 93 96 107 114 124 127 
3 4 23 26 38 41 48 61 69 72 91 103 106 113 124 127 
3 4 23 26 38 41 48 61 69 72 91 92 103 106 113 126 
3 4 23 26 38 41 48 61 69 72 91 92 103 106 113 127 
3 4 23 26 38 41 48 62 69 72 91 92 103 106 113 127 
3 4 23 28 38 41 48 61 69 72 91 103 106 113 124 127 
3 4 27 28 39 42 49 62 70 73 80 93 107 108 114 127 
3 4 27 28 39 42 49 62 70 73 93 96 107 108 114 127 
3 8 21 28 31 39 49 54 70 84 93 96 107 114 124 127 
3 8 22 25 31 37 48 58 66 71 84 91 102 113 124 127 
3 8 27 28 39 42 49 62 70 73 80 93 107 108 114 127 
3 8 27 28 39 42 49 62 70 73 93 96 107 108 114 127 
4 13 17 28 31 43 50 67 74 80 93 103 105 118 120 127 
4 13 17 28 31 43 50 67 74 93 96 103 105 118 120 127 
4 13 17 30 43 44 50 63 67 74 80 93 103 105 118 120 
4 13 17 30 43 44 50 63 67 74 93 96 103 105 118 120 
4 13 17 30 43 44 50 67 74 80 93 103 105 118 120 127 
4 13 17 30 43 44 50 67 74 93 96 103 105 118 120 127 
4 13 17 31 43 44 50 67 74 80 93 103 105 118 120 127 
4 13 17 31 43 44 50 67 74 93 96 103 105 118 120 127 
4 14 17 31 43 44 50 67 74 80 93 103 105 118 120 127 
4 14 17 31 43 44 50 67 74 93 96 103 105 118 120 127 
5 15 16 26 38 41 55 56 68 75 93 97 106 115 124 127 
5 15 16 26 38 41 55 60 68 75 88 93 97 106 115 126 
5 15 16 26 38 41 55 60 68 75 88 93 97 106 115 127 
5 15 16 26 38 41 55 68 75 88 93 97 106 115 124 127 
5 15 16 28 38 41 55 68 75 88 93 97 106 115 124 127 
5 16 27 28 39 42 49 62 70 73 93 96 107 108 114 127 
5 8 27 28 39 42 49 62 70 73 80 93 107 108 114 127 
5 8 27 28 39 42 49 62 70 73 93 96 107 108 114 127 
6 8 21 31 33 46 51 52 71 76 82 96 109 113 124 127 
6 9 16 28 31 43 50 71 74 81 94 96 109 115 116 127 
6 9 16 28 31 43 50 71 74 81 94 96 109 115 120 127 
6 9 16 29 43 44 50 62 71 74 81 96 109 115 116 127 
6 9 16 29 43 44 50 62 71 74 81 96 109 115 120 127 
6 9 16 29 43 44 50 63 71 74 81 94 96 109 115 116 
6 9 16 29 43 44 50 63 71 74 81 94 96 109 115 120 
6 9 16 29 43 44 50 71 74 81 94 96 109 115 116 127 
6 9 16 29 43 44 50 71 74 81 94 96 109 115 120 127 
6 9 16 31 43 44 50 71 74 81 94 96 109 115 116 127 
6 9 16 31 43 44 50 71 74 81 94 96 109 115 120 127 
7 10 17 30 32 45 51 52 63 75 76 82 97 110 117 120 
7 10 17 30 32 45 51 52 75 76 82 95 97 110 117 120 
7 10 17 30 32 45 51 52 75 76 82 97 110 117 120 127 
7 10 17 30 45 51 52 63 64 75 76 82 97 110 117 120 
7 10 17 30 45 51 52 64 75 76 82 95 97 110 117 120 
7 10 17 30 45 51 52 64 75 76 82 97 110 117 120 127 
7 10 17 31 32 45 51 52 75 76 82 94 97 117 120 127 
7 10 17 31 32 45 51 52 75 76 82 97 110 117 120 127 
7 10 17 31 45 51 52 64 75 76 82 94 97 117 120 127 
7 10 17 31 45 51 52 64 75 76 82 97 110 117 120 127 
7 12 18 31 32 43 49 58 69 78 84 109 112 115 124 127 
7 12 18 31 33 46 53 56 64 77 83 84 98 111 118 121 
7 12 18 31 33 46 53 56 64 77 83 84 98 118 121 127 
7 12 18 31 43 49 58 64 69 78 84 109 112 115 124 127 
7 21 24 31 36 46 57 64 70 81 91 103 106 112 124 127 
7 9 22 24 31 34 53 60 64 77 83 84 97 110 114 123 
7 9 22 24 31 34 53 60 64 77 83 84 97 110 114 127 
7 9 22 24 34 47 53 60 64 77 83 84 97 110 114 123 
7 9 22 24 34 47 53 60 64 77 83 84 97 110 114 127 
9 14 16 31 43 44 50 67 74 93 96 103 105 118 120 127 
9 22 24 31 34 39 58 64 67 84 91 101 110 112 121 127 
